1632696308
1632696308
1632696308
1632696308
1632696308
1632696309
1632696309
1632696309
1632696309
1632696309
1632696309
1632696309
1632696309
1632696309
1632696309
1632696309
1632696309
1632696309
1632696309
1632696309
1632696309
1632696309
1632696309
1632696309
1632696309
1632696309
1632696309
1632696309
1632696309
1632696309
1632696309
1632696309
1632696309
1632696309
1632696310
1632696310
1632696310
1632696310
1632696310
1632696310
1632696310
1632696310
1632696310
1632696310
1632696310
1632696310
1632696310
1632696310
1632696310
1632696310
1632696310
1632696310
1632696310
1632696310
1632696310
1632696311
1632696311
1632696311
1632696311
1632696311
1632696311
1632696311
1632696311
1632696311
1632696311
1632696311
1632696311
1632696311
1632696311
1632696311
1632696311
1632696311
1632696311
1632696311
1632696311
1632696311
1632696311
1632696312
1632696312
1632696312
1632696312
1632696312
1632696312
1632696312
1632696312
1632696312
1632696312
1632696312
1632696312
1632696312
1632696312
1632696312
1632696312
1632696312
1632696312
1632696312
1632696313
1632696313
1632696313
1632696313
1632696313
1632696313
1632696313
1632696313
1632696313
1632696313
1632696313
1632696313
1632696313
1632696313
1632696313
1632696313
1632696313
1632696314
1632696314
1632696314
1632696314
1632696314
1632696314
1632696314
1632696314
1632696314
1632696314
1632696314
1632696314
1632696314
1632696314
1632696314
1632696315
1632696315
1632696315
1632696315
1632696315
1632696315
1632696315
1632696315
1632696315
1632696315
1632696315
1632696315
1632696315
1632696315
1632696315
1632696315
1632696315
1632696315
1632696316
1632696316
1632696316
1632696316
1632696316
1632696316
1632696316
1632696316
1632696316
1632696316
1632696316
1632696316
1632696316
1632696316
1632696316
1632696316
1632696316
1632696317
1632696317
1632696317
1632696317
1632696317
1632696317
1632696317
1632696317
1632696317
1632696317
1632696317
1632696317
1632696317
1632696317
1632696317
1632696317
1632696317
1632696318
1632696318
1632696318
1632696318
1632696318
1632696318
1632696318
1632696318
1632696318
1632696318
1632696318
1632696318
1632696318
1632696318
1632696318
1632696318
1632696319
1632696319
1632696319
1632696319
1632696319
1632696319
1632696319
1632696319
1632696319
1632696319
1632696319
1632696319
1632696319
1632696319
1632696319
1632696319
1632696319
1632696319
1632696319
1632696319
1632696319
1632696319
1632696320
1632696320
1632696320
1632696320
1632696320
1632696320
1632696320
1632696320
1632696320
1632696320
1632696320
1632696320
1632696320
1632696320
1632696320
1632696320
1632696320
1632696320
1632696320
1632696321
1632696321
1632696321
1632696321
1632696321
1632696321
1632696321
1632696321
1632696321
1632696321
1632696321
1632696321
1632696321
1632696321
1632696321
1632696321
1632696321
1632696321
1632696322
1632696322
1632696322
1632696322
1632696322
1632696322
1632696322
1632696322
1632696322
1632696322
1632696322
1632696322
1632696322
1632696322
1632696322
1632696322
1632696323
1632696323
1632696323
1632696323
1632696323
1632696323
1632696323
1632696323
1632696323
1632696323
1632696323
1632696323
1632696323
1632696323
1632696323
1632696323
1632696323
1632696323
1632696323
1632696323
1632696323
1632696324
1632696324
1632696324
1632696324
1632696324
1632696324
1632696324
1632696324
1632696324
1632696324
1632696324
1632696324
1632696324
1632696324
1632696324
1632696324
1632696325
1632696325
1632696325
1632696325
1632696325
1632696325
1632696325
1632696325
1632696325
1632696325
1632696325
1632696325
1632696325
1632696325
1632696325
1632696325
1632696325
1632696325
1632696325
1632696326
1632696326
1632696326
1632696326
1632696326
1632696326
1632696326
1632696326
1632696326
1632696326
1632696326
1632696326
1632696326
1632696326
1632696326
1632696326
1632696326
1632696326
1632696326
1632696326
1632696327
1632696327
1632696327
1632696327
1632696327
1632696327
1632696327
1632696327
1632696327
1632696327
1632696327
1632696327
1632696327
1632696327
1632696327
1632696327
1632696327
1632696327
1632696327
1632696327
1632696327
1632696328
1632696328
1632696328
1632696328
1632696328
1632696328
1632696328
1632696328
1632696328
1632696328
1632696328
1632696328
1632696328
1632696328
1632696328
1632696328
1632696328
1632696328
1632696328
1632696328
1632696328
1632696329
1632696329
1632696329
1632696329
1632696329
1632696329
1632696329
1632696329
1632696329
1632696329
1632696329
1632696329
1632696329
1632696329
1632696329
1632696329
1632696329
1632696329
1632696329
1632696329
1632696330
1632696330
1632696330
1632696330
1632696330
1632696330
1632696330
1632696330
1632696330
1632696330
1632696330
1632696330
1632696330
1632696330
1632696330
1632696330
1632696330
1632696330
1632696330
1632696330
1632696330
1632696330
1632696330
1632696331
1632696331
1632696331
1632696331
1632696331
1632696331
1632696331
1632696331
1632696331
1632696331
1632696331
1632696331
1632696331
1632696331
1632696331
1632696331
1632696331
1632696331
1632696331
1632696331
1632696332
1632696332
1632696332
1632696332
1632696332
1632696332
1632696332
1632696332
1632696332
1632696332
1632696332
1632696332
1632696332
1632696332
1632696332
1632696332
1632696332
1632696332
1632696332
1632696332
1632696332
1632696332
1632696333
1632696333
1632696333
1632696333
1632696333
1632696333
1632696333
1632696333
1632696333
1632696333
1632696333
1632696333
1632696333
1632696333
1632696333
1632696333
1632696333
1632696333
1632696333
1632696333
1632696333
1632696333
1632696333
1632696333
1632696334
1632696334
1632696334
1632696334
1632696334
1632696334
1632696334
1632696334
1632696334
1632696334
1632696334
1632696334
1632696334
1632696334
1632696334
1632696334
1632696334
1632696334
1632696334
1632696334
1632696334
1632696334
1632696334
1632696334
1632696334
1632696335
1632696335
1632696335
1632696335
1632696335
1632696335
1632696335
1632696335
1632696335
1632696335
1632696335
1632696335
1632696335
1632696335
1632696335
1632696335
1632696335
1632696335
1632696335
1632696335
1632696335
1632696335
1632696335
1632696336
1632696336
1632696336
1632696336
1632696336
1632696336
1632696336
1632696336
1632696336
1632696336
1632696336
1632696336
1632696336
1632696336
1632696336
1632696336
1632696336
1632696336
1632696336
1632696336
1632696336
1632696337
1632696337
1632696337
1632696337
1632696337
1632696337
1632696337
1632696337
1632696337
1632696337
1632696337
1632696337
1632696337
1632696337
1632696337
1632696337
1632696337
1632696337
1632696337
1632696337
1632696337
1632696337
1632696337
1632696337
1632696338
1632696338
1632696338
1632696338
1632696338
1632696338
1632696338
1632696338
1632696338
1632696338
1632696338
1632696338
1632696338
1632696338
1632696338
1632696338
1632696338
1632696338
1632696338
1632696338
1632696338
1632696338
1632696338
1632696338
1632696338
1632696338
1632696338
1632696338
1632696338
1632696339
1632696339
1632696339
1632696339
1632696339
1632696339
1632696339
1632696339
1632696339
1632696339
1632696339
1632696339
1632696339
1632696339
1632696339
1632696339
1632696339
1632696339
1632696339
1632696339
1632696339
1632696339
1632696339
1632696339
1632696339
1632696339
1632696339
1632696340
1632696340
1632696340
1632696340
1632696340
1632696340
1632696340
1632696340
1632696340
1632696340
1632696340
1632696340
1632696340
1632696340
1632696340
1632696340
1632696340
1632696340
1632696340
1632696340
1632696340
1632696340
1632696340
1632696340
1632696340
1632696340
1632696340
1632696340
1632696340
1632696341
1632696341
1632696341
1632696341
1632696341
1632696341
1632696341
1632696341
1632696341
1632696341
1632696341
1632696341
1632696341
1632696341
1632696341
1632696341
1632696341
1632696341
1632696341
1632696341
1632696341
1632696341
1632696342
1632696342
1632696342
1632696342
1632696342
1632696342
1632696342
1632696342
1632696342
1632696342
1632696342
1632696342
1632696342
1632696342
1632696342
1632696342
1632696342
1632696342
1632696342
1632696342
1632696342
1632696342
1632696342
1632696342
1632696343
1632696343
1632696343
1632696343
1632696343
1632696343
1632696343
1632696343
1632696343
1632696343
1632696343
1632696343
1632696343
1632696343
1632696343
1632696343
1632696343
1632696343
1632696343
1632696343
1632696343
1632696343
1632696343
1632696343
1632696344
1632696344
1632696344
1632696344
1632696344
1632696344
1632696344
1632696344
1632696344
1632696344
1632696344
1632696344
1632696344
1632696344
1632696344
1632696344
1632696344
1632696344
1632696344
1632696344
1632696345
1632696345
1632696345
1632696345
1632696345
1632696345
1632696345
1632696345
1632696345
1632696345
1632696345
1632696345
1632696345
1632696345
1632696345
1632696345
1632696345
1632696345
1632696345
1632696345
1632696345
1632696345
1632696346
1632696346
1632696346
1632696346
1632696346
1632696346
1632696346
1632696346
1632696346
1632696346
1632696346
1632696346
1632696346
1632696346
1632696346
1632696346
1632696346
1632696346
1632696346
1632696346
1632696346
1632696347
1632696347
1632696347
1632696347
1632696347
1632696347
1632696347
1632696347
1632696347
1632696347
1632696347
1632696347
1632696347
1632696347
1632696347
1632696347
1632696347
1632696347
1632696347
1632696348
1632696348
1632696348
1632696348
1632696348
1632696348
1632696348
1632696348
1632696348
1632696348
1632696348
1632696348
1632696348
1632696348
1632696348
1632696348
1632696348
1632696348
1632696348
1632696348
1632696348
1632696348
1632696349
1632696349
1632696349
1632696349
1632696349
1632696349
1632696349
1632696349
1632696349
1632696349
1632696349
1632696349
1632696349
1632696349
1632696349
1632696349
1632696349
1632696349
1632696349
1632696349
1632696349
1632696349
1632696350
1632696350
1632696350
1632696350
1632696350
1632696350
1632696350
1632696350
1632696350
1632696350
1632696350
1632696350
1632696350
1632696350
1632696350
1632696350
1632696350
1632696350
1632696350
1632696350
1632696350
1632696350
1632696350
1632696350
1632696350
1632696350
1632696351
1632696351
1632696351
1632696351
1632696351
1632696351
1632696351
1632696351
1632696351
1632696351
1632696351
1632696351
1632696351
1632696351
1632696351
1632696351
1632696351
1632696351
1632696351
1632696351
1632696351
1632696351
1632696351
1632696351
1632696352
1632696352
1632696352
1632696352
1632696352
1632696352
1632696352
1632696352
1632696352
1632696352
1632696352
1632696352
1632696352
1632696352
1632696352
1632696352
1632696352
1632696352
1632696352
1632696352
1632696352
1632696352
1632696352
1632696352
1632696352
1632696352
1632696353
1632696353
1632696353
1632696353
1632696353
1632696353
1632696353
1632696353
1632696353
1632696353
1632696353
1632696353
1632696353
1632696353
1632696353
1632696353
1632696353
1632696353
1632696353
1632696353
1632696353
1632696353
1632696353
1632696353
1632696353
1632696353
1632696354
1632696354
1632696354
1632696354
1632696354
1632696354
1632696354
1632696354
1632696354
1632696354
1632696354
1632696354
1632696354
1632696354
1632696354
1632696354
1632696354
1632696354
1632696354
1632696354
1632696354
1632696354
1632696354
1632696354
1632696354
1632696354
1632696354
1632696355
1632696355
1632696355
1632696355
1632696355
1632696355
1632696355
1632696355
1632696355
1632696355
1632696355
1632696355
1632696355
1632696355
1632696355
1632696355
1632696355
1632696355
1632696355
1632696355
1632696355
1632696355
1632696355
1632696355
1632696355
1632696355
1632696355
1632696355
1632696356
1632696356
1632696356
1632696356
1632696356
1632696356
1632696356
1632696356
1632696356
1632696356
1632696356
1632696356
1632696356
1632696356
1632696356
1632696356
1632696356
1632696356
1632696356
1632696356
1632696356
1632696356
1632696356
1632696356
1632696356
1632696356
1632696357
1632696357
1632696357
1632696357
1632696357
1632696357
1632696357
1632696357
1632696357
1632696357
1632696357
1632696357
1632696357
1632696357
1632696357
1632696357
1632696357
1632696357
1632696357
1632696357
1632696357
1632696357
1632696357
1632696357
1632696357
1632696357
1632696357
1632696358
1632696358
1632696358
1632696358
1632696358
1632696358
1632696358
1632696358
1632696358
1632696358
1632696358
1632696358
1632696358
1632696358
1632696358
1632696358
1632696358
1632696358
1632696358
1632696358
1632696358
1632696358
1632696358
1632696358
1632696358
1632696358
1632696358
1632696358
1632696359
1632696359
1632696359
1632696359
1632696359
1632696359
1632696359
1632696359
1632696359
1632696359
1632696359
1632696359
1632696359
1632696359
1632696359
1632696359
1632696359
1632696359
1632696359
1632696359
1632696359
1632696359
1632696359
1632696359
1632696359
1632696359
1632696359
1632696359
1632696359
1632696360
1632696360
1632696360
1632696360
1632696360
1632696360
1632696360
1632696360
1632696360
1632696360
1632696360
1632696360
1632696360
1632696360
1632696360
1632696360
1632696360
1632696360
1632696360
1632696360
1632696360
1632696360
1632696360
1632696360
1632696361
1632696361
1632696361
1632696361
1632696361
1632696361
1632696361
1632696361
1632696361
1632696361
1632696361
1632696361
1632696361
1632696361
1632696361
1632696361
1632696361
1632696361
1632696361
1632696361
1632696361
1632696361
1632696361
1632696361
1632696362
1632696362
1632696362
1632696362
1632696362
1632696362
1632696362
1632696362
1632696362
1632696362
1632696362
1632696362
1632696362
1632696362
1632696362
1632696362
1632696362
1632696362
1632696362
1632696362
1632696362
1632696362
1632696362
1632696362
1632696363
1632696363
1632696363
1632696363
1632696363
1632696363
1632696363
1632696363
1632696363
1632696363
1632696363
1632696363
1632696363
1632696363
1632696363
1632696363
1632696363
1632696363
1632696363
1632696364
1632696364
1632696364
1632696364
1632696364
1632696364
1632696364
1632696364
1632696364
1632696364
1632696364
1632696364
1632696364
1632696364
1632696364
1632696364
1632696364
1632696365
1632696365
1632696365
1632696365
1632696365
1632696365
1632696365
1632696365
1632696365
1632696365
1632696365
1632696365
1632696365
1632696365
1632696365
1632696365
1632696365
1632696366
1632696366
1632696366
1632696366
1632696366
1632696366
1632696366
1632696366
1632696366
1632696366
1632696366
1632696366
1632696366
1632696366
1632696366
1632696366
1632696367
1632696367
1632696367
1632696367
1632696367
1632696367
1632696367
1632696367
1632696367
1632696367
1632696367
1632696367
1632696367
1632696367
1632696367
1632696367
1632696367
1632696367
1632696367
1632696367
1632696367
1632696368
1632696368
1632696368
1632696368
1632696368
1632696368
1632696368
1632696368
1632696368
1632696368
1632696368
1632696368
1632696368
1632696368
1632696368
1632696368
1632696368
1632696368
1632696368
1632696368
1632696368
1632696368
1632696368
1632696368
1632696369
1632696369
1632696369
1632696369
1632696369
1632696369
1632696369
1632696369
1632696369
1632696369
1632696369
1632696369
1632696369
1632696369
1632696369
1632696369
1632696369
1632696369
1632696369
1632696369
1632696369
1632696369
1632696369
1632696369
1632696369
1632696369
1632696369
1632696369
1632696370
1632696370
1632696370
1632696370
1632696370
1632696370
1632696370
1632696370
1632696370
1632696370
1632696370
1632696370
1632696370
1632696370
1632696370
1632696370
1632696370
1632696370
1632696370
1632696370
1632696370
1632696370
1632696370
1632696370
1632696371
1632696371
1632696371
1632696371
1632696371
1632696371
1632696371
1632696371
1632696371
1632696371
1632696371
1632696371
1632696371
1632696371
1632696371
1632696371
1632696371
1632696371
1632696371
1632696371
1632696371
1632696371
1632696371
1632696371
1632696372
1632696372
1632696372
1632696372
1632696372
1632696372
1632696372
1632696372
1632696372
1632696372
1632696372
1632696372
1632696372
1632696372
1632696372
1632696372
1632696372
1632696372
1632696372
1632696372
1632696372
1632696372
1632696372
1632696372
1632696372
1632696373
1632696373
1632696373
1632696373
1632696373
1632696373
1632696373
1632696373
1632696373
1632696373
1632696373
1632696373
1632696373
1632696373
1632696373
1632696373
1632696373
1632696373
1632696373
1632696373
1632696373
1632696373
1632696373
1632696373
1632696374
1632696374
1632696374
1632696374
1632696374
1632696374
1632696374
1632696374
1632696374
1632696374
1632696374
1632696374
1632696374
1632696374
1632696374
1632696374
1632696374
1632696374
1632696374
1632696374
1632696374
1632696374
1632696374
1632696374
1632696374
1632696374
1632696374
1632696374
1632696375
1632696375
1632696375
1632696375
1632696375
1632696375
1632696375
1632696375
1632696375
1632696375
1632696375
1632696375
1632696375
1632696375
1632696375
1632696375
1632696375
1632696375
1632696375
1632696375
1632696375
1632696375
1632696375
1632696375
1632696375
1632696375
1632696376
1632696376
1632696376
1632696376
1632696376
1632696376
1632696376
1632696376
1632696376
1632696376
1632696376
1632696376
1632696376
1632696376
1632696376
1632696376
1632696376
1632696376
1632696376
1632696376
1632696376
1632696376
1632696376
1632696376
1632696376
1632696377
1632696377
1632696377
1632696377
1632696377
1632696377
1632696377
1632696377
1632696377
1632696377
1632696377
1632696377
1632696377
1632696377
1632696377
1632696377
1632696377
1632696377
1632696377
1632696377
1632696377
1632696377
1632696377
1632696377
1632696377
1632696377
1632696378
1632696378
1632696378
1632696378
1632696378
1632696378
1632696378
1632696378
1632696378
1632696378
1632696378
1632696378
1632696378
1632696378
1632696378
1632696378
1632696378
1632696378
1632696378
1632696378
1632696379
1632696379
1632696379
1632696379
1632696379
1632696379
1632696379
1632696379
1632696379
1632696379
1632696379
1632696379
1632696379
1632696379
1632696379
1632696379
1632696379
1632696379
1632696379
1632696379
1632696379
1632696380
1632696380
1632696380
1632696380
1632696380
1632696380
1632696380
1632696380
1632696380
1632696380
1632696380
1632696380
1632696380
1632696380
1632696380
1632696380
1632696380
1632696380
1632696380
1632696380
1632696380
1632696380
1632696380
1632696380
1632696381
1632696381
1632696381
1632696381
1632696381
1632696381
1632696381
1632696381
1632696381
1632696381
1632696381
1632696381
1632696381
1632696381
1632696381
1632696381
1632696381
1632696381
1632696381
1632696381
1632696381
1632696381
1632696381
1632696381
1632696381
1632696382
1632696382
1632696382
1632696382
1632696382
1632696382
1632696382
1632696382
1632696382
1632696382
1632696382
1632696382
1632696382
1632696382
1632696382
1632696382
1632696382
1632696382
1632696382
1632696382
1632696382
1632696382
1632696382
1632696382
1632696382
1632696382
1632696382
1632696383
1632696383
1632696383
1632696383
1632696383
1632696383
1632696383
1632696383
1632696383
1632696383
1632696383
1632696383
1632696383
1632696383
1632696383
1632696383
1632696383
1632696383
1632696383
1632696383
1632696383
1632696383
1632696383
1632696383
1632696383
1632696383
1632696383
1632696384
1632696384
1632696384
1632696384
1632696384
1632696384
1632696384
1632696384
1632696384
1632696384
1632696384
1632696384
1632696384
1632696384
1632696384
1632696384
1632696384
1632696384
1632696384
1632696384
1632696384
1632696384
1632696384
1632696384
1632696384
1632696384
1632696385
1632696385
1632696385
1632696385
1632696385
1632696385
1632696385
1632696385
1632696385
1632696385
1632696385
1632696385
1632696385
1632696385
1632696385
1632696385
1632696385
1632696385
1632696385
1632696385
1632696385
1632696385
1632696385
1632696385
1632696385
1632696386
1632696386
1632696386
1632696386
1632696386
1632696386
1632696386
1632696386
1632696386
1632696386
1632696386
1632696386
1632696386
1632696386
1632696386
1632696386
1632696386
1632696386
1632696386
1632696386
1632696386
1632696386
1632696386
1632696386
1632696387
1632696387
1632696387
1632696387
1632696387
1632696387
1632696387
1632696387
1632696387
1632696387
1632696387
1632696387
1632696387
1632696387
1632696387
1632696387
1632696387
1632696387
1632696387
1632696387
1632696387
1632696387
1632696387
1632696388
1632696388
1632696388
1632696388
1632696388
1632696388
1632696388
1632696388
1632696388
1632696388
1632696388
1632696388
1632696388
1632696388
1632696388
1632696388
1632696388
1632696388
1632696388
1632696388
1632696388
1632696389
1632696389
1632696389
1632696389
1632696389
1632696389
1632696389
1632696389
1632696389
1632696389
1632696389
1632696389
1632696389
1632696389
1632696389
1632696389
1632696389
1632696389
1632696389
1632696389
1632696389
1632696389
1632696390
1632696390
1632696390
1632696390
1632696390
1632696390
1632696390
1632696390
1632696390
1632696390
1632696390
1632696390
1632696390
1632696390
1632696390
1632696390
1632696390
1632696390
1632696390
1632696390
1632696390
1632696390
1632696390
1632696390
1632696391
1632696391
1632696391
1632696391
1632696391
1632696391
1632696391
1632696391
1632696391
1632696391
1632696391
1632696391
1632696391
1632696391
1632696391
1632696391
1632696391
1632696391
1632696391
1632696391
1632696391
1632696391
1632696391
1632696391
1632696392
1632696392
1632696392
1632696392
1632696392
1632696392
1632696392
1632696392
1632696392
1632696392
1632696392
1632696392
1632696392
1632696392
1632696392
1632696392
1632696392
1632696392
1632696392
1632696392
1632696392
1632696392
1632696392
1632696392
1632696392
1632696393
1632696393
1632696393
1632696393
1632696393
1632696393
1632696393
1632696393
1632696393
1632696393
1632696393
1632696393
1632696393
1632696393
1632696393
1632696393
1632696393
1632696393
1632696393
1632696393
1632696393
1632696393
1632696393
1632696393
1632696394
1632696394
1632696394
1632696394
1632696394
1632696394
1632696394
1632696394
1632696394
1632696394
1632696394
1632696394
1632696394
1632696394
1632696394
1632696394
1632696394
1632696394
1632696394
1632696394
1632696394
1632696394
1632696394
1632696394
1632696394
1632696394
1632696395
1632696395
1632696395
1632696395
1632696395
1632696395
1632696395
1632696395
1632696395
1632696395
1632696395
1632696395
1632696395
1632696395
1632696395
1632696395
1632696395
1632696395
1632696395
1632696395
1632696395
1632696395
1632696395
1632696395
1632696395
1632696395
1632696396
1632696396
1632696396
1632696396
1632696396
1632696396
1632696396
1632696396
1632696396
1632696396
1632696396
1632696396
1632696396
1632696396
1632696396
1632696396
1632696396
1632696396
1632696396
1632696396
1632696396
1632696396
1632696396
1632696396
1632696396
1632696396
1632696396
1632696396
1632696396
1632696397
1632696397
1632696397
1632696397
1632696397
1632696397
1632696397
1632696397
1632696397
1632696397
1632696397
1632696397
1632696397
1632696397
1632696397
1632696397
1632696397
1632696397
1632696397
1632696397
1632696397
1632696397
1632696397
1632696397
1632696397
1632696397
1632696397
1632696397
1632696398
1632696398
1632696398
1632696398
1632696398
1632696398
1632696398
1632696398
1632696398
1632696398
1632696398
1632696398
1632696398
1632696398
1632696398
1632696398
1632696398
1632696398
1632696398
1632696398
1632696398
1632696398
1632696398
1632696399
1632696399
1632696399
1632696399
1632696399
1632696399
1632696399
1632696399
1632696399
1632696399
1632696399
1632696399
1632696399
1632696399
1632696399
1632696399
1632696399
1632696399
1632696399
1632696399
1632696399
1632696399
1632696399
1632696399
1632696399
1632696399
1632696400
1632696400
1632696400
1632696400
1632696400
1632696400
1632696400
1632696400
1632696400
1632696400
1632696400
1632696400
1632696400
1632696400
1632696400
1632696400
1632696400
1632696400
1632696400
1632696400
1632696400
1632696400
1632696400
1632696400
1632696400
1632696400
1632696400
1632696401
1632696401
1632696401
1632696401
1632696401
1632696401
1632696401
1632696401
1632696401
1632696401
1632696401
1632696401
1632696401
1632696401
1632696401
1632696401
1632696401
1632696401
1632696402
1632696402
1632696402
1632696402
1632696402
1632696402
1632696402
1632696402
1632696402
1632696402
1632696402
1632696402
1632696402
1632696402
1632696402
1632696402
1632696402
1632696402
1632696402
1632696402
1632696402
1632696402
1632696402
1632696402
1632696402
1632696403
1632696403
1632696403
1632696403
1632696403
1632696403
1632696403
1632696403
1632696403
1632696403
1632696403
1632696403
1632696403
1632696403
1632696403
1632696403
1632696403
1632696403
1632696403
1632696403
1632696403
1632696403
1632696403
1632696403
1632696403
1632696403
1632696403
1632696403
1632696404
1632696404
1632696404
1632696404
1632696404
1632696404
1632696404
1632696404
1632696404
1632696404
1632696404
1632696404
1632696404
1632696404
1632696404
1632696404
1632696404
1632696404
1632696404
1632696404
1632696404
1632696404
1632696404
1632696404
1632696404
1632696405
1632696405
1632696405
1632696405
1632696405
1632696405
1632696405
1632696405
1632696405
1632696405
1632696405
1632696405
1632696405
1632696405
1632696405
1632696405
1632696405
1632696405
1632696405
1632696405
1632696405
1632696405
1632696405
1632696405
1632696405
1632696405
1632696405
1632696405
1632696405
1632696406
1632696406
1632696406
1632696406
1632696406
1632696406
1632696406
1632696406
1632696406
1632696406
1632696406
1632696406
1632696406
1632696406
1632696406
1632696406
1632696406
1632696406
1632696406
1632696406
1632696406
1632696406
1632696406
1632696406
1632696406
1632696406
1632696406
1632696407
1632696407
1632696407
1632696407
1632696407
1632696407
1632696407
1632696407
1632696407
1632696407
1632696407
1632696407
1632696407
1632696407
1632696407
1632696407
1632696407
1632696407
1632696407
1632696407
1632696407
1632696407
1632696407
1632696407
1632696407
1632696407
1632696408
1632696408
1632696408
1632696408
1632696408
1632696408
1632696408
1632696408
1632696408
1632696408
1632696408
1632696408
1632696408
1632696408
1632696408
1632696408
1632696408
1632696409
1632696409
1632696409
1632696409
1632696409
1632696409
1632696409
1632696409
1632696409
1632696409
1632696409
1632696409
1632696409
1632696409
1632696409
1632696409
1632696410
1632696410
1632696410
1632696410
1632696410
1632696410
1632696410
1632696410
1632696410
1632696410
1632696410
1632696410
1632696410
1632696410
1632696410
1632696410
1632696411
1632696411
1632696411
1632696411
1632696411
1632696411
1632696411
1632696411
1632696411
1632696411
1632696411
1632696411
1632696411
1632696411
1632696411
1632696411
1632696411
1632696412
1632696412
1632696412
1632696412
1632696412
1632696412
1632696412
1632696412
1632696412
1632696412
1632696412
1632696412
1632696412
1632696412
1632696412
1632696412
1632696412
1632696412
1632696413
1632696413
1632696413
1632696413
1632696413
1632696413
1632696413
1632696413
1632696413
1632696413
1632696413
1632696413
1632696413
1632696413
1632696413
1632696413
1632696413
1632696413
1632696413
1632696413
1632696414
1632696414
1632696414
1632696414
1632696414
1632696414
1632696414
1632696414
1632696414
1632696414
1632696414
1632696414
1632696414
1632696414
1632696414
1632696414
1632696415
1632696415
1632696415
1632696415
1632696415
1632696415
1632696415
1632696415
1632696415
1632696415
1632696415
1632696415
1632696415
1632696415
1632696415
1632696415
1632696415
1632696415
1632696415
1632696415
1632696415
1632696415
1632696415
1632696415
1632696415
1632696415
1632696415
1632696416
1632696416
1632696416
1632696416
1632696416
1632696416
1632696416
1632696416
1632696416
1632696416
1632696416
1632696416
1632696416
1632696416
1632696416
1632696416
1632696416
1632696416
1632696416
1632696416
1632696416
1632696416
1632696417
1632696417
1632696417
1632696417
1632696417
1632696417
1632696417
1632696417
1632696417
1632696417
1632696417
1632696417
1632696417
1632696417
1632696417
1632696417
1632696417
1632696417
1632696417
1632696417
1632696417
1632696417
1632696417
1632696417
1632696418
1632696418
1632696418
1632696418
1632696418
1632696418
1632696418
1632696418
1632696418
1632696418
1632696418
1632696418
1632696418
1632696418
1632696418
1632696418
1632696418
1632696418
1632696418
1632696418
1632696418
1632696418
1632696418
1632696418
1632696418
1632696419
1632696419
1632696419
1632696419
1632696419
1632696419
1632696419
1632696419
1632696419
1632696419
1632696419
1632696419
1632696419
1632696419
1632696419
1632696419
1632696419
1632696419
1632696419
1632696419
1632696419
1632696420
1632696420
1632696420
1632696420
1632696420
1632696420
1632696420
1632696420
1632696420
1632696420
1632696420
1632696420
1632696420
1632696420
1632696420
1632696420
1632696420
1632696420
1632696420
1632696421
1632696421
1632696421
1632696421
1632696421
1632696421
1632696421
1632696421
1632696421
1632696421
1632696421
1632696421
1632696421
1632696421
1632696421
1632696421
1632696421
1632696421
1632696421
1632696421
1632696421
1632696422
1632696422
1632696422
1632696422
1632696422
1632696422
1632696422
1632696422
1632696422
1632696422
1632696422
1632696422
1632696422
1632696422
1632696422
1632696422
1632696422
1632696423
1632696423
1632696423
1632696423
1632696423
1632696423
1632696423
1632696423
1632696423
1632696423
1632696423
1632696423
1632696423
1632696423
1632696423
1632696423
1632696423
1632696423
1632696423
1632696423
1632696423
1632696423
1632696423
1632696423
1632696424
1632696424
1632696424
1632696424
1632696424
1632696424
1632696424
1632696424
1632696424
1632696424
1632696424
1632696424
1632696424
1632696424
1632696424
1632696424
1632696424
1632696424
1632696424
1632696424
1632696424
1632696424
1632696424
1632696424
1632696424
1632696424
1632696425
1632696425
1632696425
1632696425
1632696425
1632696425
1632696425
1632696425
1632696425
1632696425
1632696425
1632696425
1632696425
1632696425
1632696425
1632696425
1632696425
1632696425
1632696425
1632696425
1632696425
1632696425
1632696425
1632696425
1632696426
1632696426
1632696426
1632696426
1632696426
1632696426
1632696426
1632696426
1632696426
1632696426
1632696426
1632696426
1632696426
1632696426
1632696426
1632696426
1632696426
1632696426
1632696426
1632696426
1632696426
1632696426
1632696426
1632696426
1632696427
1632696427
1632696427
1632696427
1632696427
1632696427
1632696427
1632696427
1632696427
1632696427
1632696427
1632696427
1632696427
1632696427
1632696427
1632696427
1632696427
1632696427
1632696427
1632696427
1632696427
1632696428
1632696428
1632696428
1632696428
1632696428
1632696428
1632696428
1632696428
1632696428
1632696428
1632696428
1632696428
1632696428
1632696428
1632696428
1632696428
1632696428
1632696429
1632696429
1632696429
1632696429
1632696429
1632696429
1632696429
1632696429
1632696429
1632696429
1632696429
1632696429
1632696429
1632696429
1632696429
1632696429
1632696429
1632696429
1632696429
1632696429
1632696429
1632696429
1632696429
1632696430
1632696430
1632696430
1632696430
1632696430
1632696430
1632696430
1632696430
1632696430
1632696430
1632696430
1632696430
1632696430
1632696430
1632696430
1632696430
1632696430
1632696430
1632696430
1632696430
1632696430
1632696430
1632696431
1632696431
1632696431
1632696431
1632696431
1632696431
1632696431
1632696431
1632696431
1632696431
1632696431
1632696431
1632696431
1632696431
1632696431
1632696431
1632696431
1632696431
1632696431
1632696431
1632696431
1632696431
1632696432
1632696432
1632696432
1632696432
1632696432
1632696432
1632696432
1632696432
1632696432
1632696432
1632696432
1632696432
1632696432
1632696432
1632696432
1632696432
1632696432
1632696432
1632696432
1632696432
1632696432
1632696433
1632696433
1632696433
1632696433
1632696433
1632696433
1632696433
1632696433
1632696433
1632696433
1632696433
1632696433
1632696433
1632696433
1632696433
1632696433
1632696434
1632696434
1632696434
1632696434
1632696434
1632696434
1632696434
1632696434
1632696434
1632696434
1632696434
1632696434
1632696434
1632696434
1632696434
1632696434
1632696434
1632696434
1632696434
1632696434
1632696435
1632696435
1632696435
1632696435
1632696435
1632696435
1632696435
1632696435
1632696435
1632696435
1632696435
1632696435
1632696435
1632696435
1632696435
1632696435
1632696435
1632696435
1632696436
1632696436
1632696436
1632696436
1632696436
1632696436
1632696436
1632696436
1632696436
1632696436
1632696436
1632696436
1632696436
1632696436
1632696436
1632696436
1632696436
1632696436
1632696436
1632696437
1632696437
1632696437
1632696437
1632696437
1632696437
1632696437
1632696437
1632696437
1632696437
1632696437
1632696437
1632696437
1632696437
1632696437
1632696437
1632696437
1632696437
1632696437
1632696438
1632696438
1632696438
1632696438
1632696438
1632696438
1632696438
1632696438
1632696438
1632696438
1632696438
1632696438
1632696438
1632696438
1632696438
1632696438
1632696438
1632696438
1632696439
1632696439
1632696439
1632696439
1632696439
1632696439
1632696439
1632696439
1632696439
1632696439
1632696439
1632696439
1632696439
1632696439
1632696439
1632696439
1632696439
1632696439
1632696439
1632696439
1632696439
1632696439
1632696440
1632696440
1632696440
1632696440
1632696440
1632696440
1632696440
1632696440
1632696440
1632696440
1632696440
1632696440
1632696440
1632696440
1632696440
1632696440
1632696440
1632696440
1632696440
1632696440
1632696440
1632696440
1632696441
1632696441
1632696441
1632696441
1632696441
1632696441
1632696441
1632696441
1632696441
1632696441
1632696441
1632696441
1632696441
1632696441
1632696441
1632696441
1632696441
1632696442
1632696442
1632696442
1632696442
1632696442
1632696442
1632696442
1632696442
1632696442
1632696442
1632696442
1632696442
1632696442
1632696442
1632696442
1632696442
1632696442
1632696442
1632696442
1632696443
1632696443
1632696443
1632696443
1632696443
1632696443
1632696443
1632696443
1632696443
1632696443
1632696443
1632696443
1632696443
1632696443
1632696443
1632696443
1632696443
1632696443
1632696443
1632696444
1632696444
1632696444
1632696444
1632696444
1632696444
1632696444
1632696444
1632696444
1632696444
1632696444
1632696444
1632696444
1632696444
1632696444
1632696444
1632696444
1632696444
1632696444
1632696444
1632696444
1632696445
1632696445
1632696445
1632696445
1632696445
1632696445
1632696445
1632696445
1632696445
1632696445
1632696445
1632696445
1632696445
1632696445
1632696445
1632696445
1632696445
1632696445
1632696445
1632696445
1632696445
1632696445
1632696446
1632696446
1632696446
1632696446
1632696446
1632696446
1632696446
1632696446
1632696446
1632696446
1632696446
1632696446
1632696446
1632696446
1632696446
1632696446
1632696446
1632696446
1632696446
1632696446
1632696446
1632696446
1632696446
1632696447
1632696447
1632696447
1632696447
1632696447
1632696447
1632696447
1632696447
1632696447
1632696447
1632696447
1632696447
1632696447
1632696447
1632696447
1632696447
1632696447
1632696447
1632696447
1632696447
1632696447
1632696447
1632696447
1632696448
1632696448
1632696448
1632696448
1632696448
1632696448
1632696448
1632696448
1632696448
1632696448
1632696448
1632696448
1632696448
1632696448
1632696448
1632696448
1632696448
1632696448
1632696448
1632696448
1632696448
1632696449
1632696449
1632696449
1632696449
1632696449
1632696449
1632696449
1632696449
1632696449
1632696449
1632696449
1632696449
1632696449
1632696449
1632696449
1632696449
1632696449
1632696449
1632696449
1632696449
1632696449
1632696450
1632696450
1632696450
1632696450
1632696450
1632696450
1632696450
1632696450
1632696450
1632696450
1632696450
1632696450
1632696450
1632696450
1632696450
1632696450
1632696450
1632696450
1632696450
1632696450
1632696450
1632696450
1632696451
1632696451
1632696451
1632696451
1632696451
1632696451
1632696451
1632696451
1632696451
1632696451
1632696451
1632696451
1632696451
1632696451
1632696451
1632696451
1632696451
1632696451
1632696451
1632696451
1632696451
1632696452
1632696452
1632696452
1632696452
1632696452
1632696452
1632696452
1632696452
1632696452
1632696452
1632696452
1632696452
1632696452
1632696452
1632696452
1632696452
1632696452
1632696452
1632696452
1632696452
1632696452
1632696452
1632696452
1632696452
1632696453
1632696453
1632696453
1632696453
1632696453
1632696453
1632696453
1632696453
1632696453
1632696453
1632696453
1632696453
1632696453
1632696453
1632696453
1632696453
1632696453
1632696453
1632696453
1632696453
1632696453
1632696454
1632696454
1632696454
1632696454
1632696454
1632696454
1632696454
1632696454
1632696454
1632696454
1632696454
1632696454
1632696454
1632696454
1632696454
1632696454
1632696454
1632696454
1632696454
1632696454
1632696454
1632696455
1632696455
1632696455
1632696455
1632696455
1632696455
1632696455
1632696455
1632696455
1632696455
1632696455
1632696455
1632696455
1632696455
1632696455
1632696455
1632696455
1632696455
1632696456
1632696456
1632696456
1632696456
1632696456
1632696456
1632696456
1632696456
1632696456
1632696456
1632696456
1632696456
1632696456
1632696456
1632696456
1632696456
1632696456
1632696456
1632696456
1632696456
1632696457
1632696457
1632696457
1632696457
1632696457
1632696457
1632696457
1632696457
1632696457
1632696457
1632696457
1632696457
1632696457
1632696457
1632696457
1632696457
1632696458
1632696458
1632696458
1632696458
1632696458
1632696458
1632696458
1632696458
1632696458
1632696458
1632696458
1632696458
1632696458
1632696458
1632696458
1632696458
1632696458
1632696458
1632696458
1632696458
1632696459
1632696459
1632696459
1632696459
1632696459
1632696459
1632696459
1632696459
1632696459
1632696459
1632696459
1632696459
1632696459
1632696459
1632696459
1632696459
1632696460
1632696460
1632696460
1632696460
1632696460
1632696460
1632696460
1632696460
1632696460
1632696460
1632696460
1632696460
1632696460
1632696460
1632696460
1632696460
1632696460
1632696460
1632696460
1632696461
1632696461
1632696461
1632696461
1632696461
1632696461
1632696461
1632696461
1632696461
1632696461
1632696461
1632696461
1632696461
1632696461
1632696461
1632696461
1632696461
1632696461
1632696461
1632696461
1632696461
1632696461
1632696462
1632696462
1632696462
1632696462
1632696462
1632696462
1632696462
1632696462
1632696462
1632696462
1632696462
1632696462
1632696462
1632696462
1632696462
1632696462
1632696463
1632696463
1632696463
1632696463
1632696463
1632696463
1632696463
1632696463
1632696463
1632696463
1632696463
1632696463
1632696463
1632696463
1632696463
1632696463
1632696463
1632696463
1632696463
1632696463
1632696464
1632696464
1632696464
1632696464
1632696464
1632696464
1632696464
1632696464
1632696464
1632696464
1632696464
1632696464
1632696464
1632696464
1632696464
1632696464
1632696464
1632696464
1632696464
1632696465
1632696465
1632696465
1632696465
1632696465
1632696465
1632696465
1632696465
1632696465
1632696465
1632696465
1632696465
1632696465
1632696465
1632696465
1632696465
1632696465
1632696465
1632696465
1632696466
1632696466
1632696466
1632696466
1632696466
1632696466
1632696466
1632696466
1632696466
1632696466
1632696466
1632696466
1632696466
1632696466
1632696466
1632696466
1632696467
1632696467
1632696467
1632696467
1632696467
1632696467
1632696467
1632696467
1632696467
1632696467
1632696467
1632696467
1632696467
1632696467
1632696467
1632696468
1632696468
1632696468
1632696468
1632696468
1632696468
1632696468
1632696468
1632696468
1632696468
1632696468
1632696468
1632696468
1632696468
1632696468
1632696468
1632696468
1632696468
1632696468
1632696468
1632696468
1632696469
1632696469
1632696469
1632696469
1632696469
1632696469
1632696469
1632696469
1632696469
1632696469
1632696469
1632696469
1632696469
1632696469
1632696469
1632696469
1632696469
1632696469
1632696470
1632696470
1632696470
1632696470
1632696470
1632696470
1632696470
1632696470
1632696470
1632696470
1632696470
1632696470
1632696470
1632696471
1632696471
1632696471
1632696471
1632696471
1632696471
1632696471
1632696471
1632696471
1632696471
1632696471
1632696471
1632696471
1632696471
1632696471
1632696471
1632696471
1632696471
1632696471
1632696471
1632696471
1632696471
1632696471
1632696472
1632696472
1632696472
1632696472
1632696472
1632696472
1632696472
1632696472
1632696472
1632696472
1632696472
1632696472
1632696472
1632696472
1632696472
1632696472
1632696472
1632696472
1632696472
1632696472
1632696472
1632696472
1632696473
1632696473
1632696473
1632696473
1632696473
1632696473
1632696473
1632696473
1632696473
1632696473
1632696473
1632696473
1632696473
1632696473
1632696473
1632696473
1632696473
1632696474
1632696474
1632696474
1632696474
1632696474
1632696474
1632696474
1632696474
1632696474
1632696474
1632696474
1632696474
1632696474
1632696474
1632696474
1632696474
1632696474
1632696474
1632696474
1632696474
1632696475
1632696475
1632696475
1632696475
1632696475
1632696475
1632696475
1632696475
1632696475
1632696475
1632696475
1632696475
1632696475
1632696475
1632696475
1632696475
1632696476
1632696476
1632696476
1632696476
1632696476
1632696476
1632696476
1632696476
1632696476
1632696476
1632696476
1632696476
1632696476
1632696476
1632696476
1632696476
1632696476
1632696476
1632696477
1632696477
1632696477
1632696477
1632696477
1632696477
1632696477
1632696477
1632696477
1632696477
1632696477
1632696477
1632696477
1632696477
1632696477
1632696477
1632696477
1632696477
1632696477
1632696477
1632696478
1632696478
1632696478
1632696478
1632696478
1632696478
1632696478
1632696478
1632696478
1632696478
1632696478
1632696478
1632696478
1632696478
1632696478
1632696479
1632696479
1632696479
1632696479
1632696479
1632696479
1632696479
1632696479
1632696479
1632696479
1632696479
1632696479
1632696479
1632696479
1632696479
1632696479
1632696479
1632696479
1632696479
1632696479
1632696479
1632696479
1632696479
1632696480
1632696480
1632696480
1632696480
1632696480
1632696480
1632696480
1632696480
1632696480
1632696480
1632696480
1632696480
1632696480
1632696480
1632696480
1632696480
1632696480
1632696481
1632696481
1632696481
1632696481
1632696481
1632696481
1632696481
1632696481
1632696481
1632696481
1632696481
1632696481
1632696481
1632696481
1632696481
1632696481
1632696481
1632696481
1632696481
1632696482
1632696482
1632696482
1632696482
1632696482
1632696482
1632696482
1632696482
1632696482
1632696482
1632696482
1632696482
1632696482
1632696482
1632696482
1632696482
1632696482
1632696482
1632696482
1632696482
1632696482
1632696483
1632696483
1632696483
1632696483
1632696483
1632696483
1632696483
1632696483
1632696483
1632696483
1632696483
1632696483
1632696483
1632696483
1632696483
1632696483
1632696483
1632696483
1632696483
1632696483
1632696483
1632696483
1632696484
1632696484
1632696484
1632696484
1632696484
1632696484
1632696484
1632696484
1632696484
1632696484
1632696484
1632696484
1632696484
1632696484
1632696484
1632696484
1632696484
1632696484
1632696484
1632696484
1632696484
1632696484
1632696485
1632696485
1632696485
1632696485
1632696485
1632696485
1632696485
1632696485
1632696485
1632696485
1632696485
1632696485
1632696485
1632696485
1632696485
1632696485
1632696485
1632696485
1632696485
1632696485
1632696485
1632696485
1632696485
1632696485
1632696486
1632696486
1632696486
1632696486
1632696486
1632696486
1632696486
1632696486
1632696486
1632696486
1632696486
1632696486
1632696486
1632696486
1632696486
1632696486
1632696486
1632696486
1632696486
1632696486
1632696486
1632696486
1632696486
1632696486
1632696486
1632696486
1632696486
1632696486
1632696487
1632696487
1632696487
1632696487
1632696487
1632696487
1632696487
1632696487
1632696487
1632696487
1632696487
1632696487
1632696487
1632696487
1632696487
1632696487
1632696487
1632696487
1632696487
1632696487
1632696487
1632696487
1632696487
1632696487
1632696487
1632696487
1632696487
1632696487
1632696488
1632696488
1632696488
1632696488
1632696488
1632696488
1632696488
1632696488
1632696488
1632696488
1632696488
1632696488
1632696488
1632696488
1632696488
1632696488
1632696488
1632696488
1632696488
1632696488
1632696488
1632696488
1632696488
1632696488
1632696488
1632696489
1632696489
1632696489
1632696489
1632696489
1632696489
1632696489
1632696489
1632696489
1632696489
1632696489
1632696489
1632696489
1632696489
1632696489
1632696489
1632696489
1632696489
1632696489
1632696489
1632696489
1632696489
1632696489
1632696489
1632696489
1632696490
1632696490
1632696490
1632696490
1632696490
1632696490
1632696490
1632696490
1632696490
1632696490
1632696490
1632696490
1632696490
1632696490
1632696490
1632696490
1632696490
1632696490
1632696490
1632696490
1632696490
1632696490
1632696490
1632696490
1632696491
1632696491
1632696491
1632696491
1632696491
1632696491
1632696491
1632696491
1632696491
1632696491
1632696491
1632696491
1632696491
1632696491
1632696491
1632696491
1632696491
1632696491
1632696491
1632696491
1632696491
1632696491
1632696491
1632696491
1632696491
1632696491
1632696492
1632696492
1632696492
1632696492
1632696492
1632696492
1632696492
1632696492
1632696492
1632696492
1632696492
1632696492
1632696492
1632696492
1632696492
1632696492
1632696492
1632696492
1632696492
1632696492
1632696492
1632696492
1632696492
1632696492
1632696492
1632696493
1632696493
1632696493
1632696493
1632696493
1632696493
1632696493
1632696493
1632696493
1632696493
1632696493
1632696493
1632696493
1632696493
1632696493
1632696493
1632696493
1632696493
1632696494
1632696494
1632696494
1632696494
1632696494
1632696494
1632696494
1632696494
1632696494
1632696494
1632696494
1632696494
1632696494
1632696494
1632696494
1632696494
1632696494
1632696494
1632696494
1632696494
1632696494
1632696495
1632696495
1632696495
1632696495
1632696495
1632696495
1632696495
1632696495
1632696495
1632696495
1632696495
1632696495
1632696495
1632696495
1632696495
1632696496
1632696496
1632696496
1632696496
1632696496
1632696496
1632696496
1632696496
1632696496
1632696496
1632696496
1632696496
1632696496
1632696497
1632696497
1632696497
1632696497
1632696497
1632696497
1632696497
1632696497
1632696497
1632696497
1632696497
1632696497
1632696497
1632696497
1632696497
1632696497
1632696497
1632696497
1632696497
1632696497
1632696497
1632696497
1632696497
1632696498
1632696498
1632696498
1632696498
1632696498
1632696498
1632696498
1632696498
1632696498
1632696498
1632696498
1632696498
1632696498
1632696498
1632696498
1632696498
1632696499
1632696499
1632696499
1632696499
1632696499
1632696499
1632696499
1632696499
1632696499
1632696499
1632696499
1632696499
1632696499
1632696499
1632696499
1632696499
1632696499
1632696499
1632696499
1632696499
1632696500
1632696500
1632696500
1632696500
1632696500
1632696500
1632696500
1632696500
1632696500
1632696500
1632696500
1632696500
1632696500
1632696500
1632696500
1632696500
1632696500
1632696500
1632696501
1632696501
1632696501
1632696501
1632696501
1632696501
1632696501
1632696501
1632696501
1632696501
1632696501
1632696501
1632696501
1632696501
1632696501
1632696501
1632696501
1632696501
1632696501
1632696501
1632696501
1632696501
1632696502
1632696502
1632696502
1632696502
1632696502
1632696502
1632696502
1632696502
1632696502
1632696502
1632696502
1632696502
1632696502
1632696502
1632696502
1632696502
1632696502
1632696502
1632696502
1632696502
1632696502
1632696503
1632696503
1632696503
1632696503
1632696503
1632696503
1632696503
1632696503
1632696503
1632696503
1632696503
1632696503
1632696503
1632696503
1632696503
1632696503
1632696503
1632696503
1632696503
1632696503
1632696503
1632696504
1632696504
1632696504
1632696504
1632696504
1632696504
1632696504
1632696504
1632696504
1632696504
1632696504
1632696504
1632696504
1632696504
1632696504
1632696504
1632696504
1632696504
1632696504
1632696505
1632696505
1632696505
1632696505
1632696505
1632696505
1632696505
1632696505
1632696505
1632696505
1632696505
1632696505
1632696505
1632696505
1632696505
1632696505
1632696505
1632696505
1632696505
1632696506
1632696506
1632696506
1632696506
1632696506
1632696506
1632696506
1632696506
1632696506
1632696506
1632696506
1632696506
1632696506
1632696506
1632696506
1632696506
1632696506
1632696506
1632696507
1632696507
1632696507
1632696507
1632696507
1632696507
1632696507
1632696507
1632696507
1632696507
1632696507
1632696507
1632696507
1632696507
1632696507
1632696507
1632696507
1632696507
1632696508
1632696508
1632696508
1632696508
1632696508
1632696508
1632696508
1632696508
1632696508
1632696508
1632696508
1632696508
1632696508
1632696508
1632696508
1632696508
1632696508
1632696508
1632696508
1632696508
1632696509
1632696509
1632696509
1632696509
1632696509
1632696509
1632696509
1632696509
1632696509
1632696509
1632696509
1632696509
1632696509
1632696509
1632696510
1632696510
1632696510
1632696510
1632696510
1632696510
1632696510
1632696510
1632696510
1632696510
1632696510
1632696510
1632696510
1632696510
1632696510
1632696510
1632696510
1632696510
1632696511
1632696511
1632696511
1632696511
1632696511
1632696511
1632696511
1632696511
1632696511
1632696511
1632696511
1632696511
1632696511
1632696511
1632696511
1632696512
1632696512
1632696512
1632696512
1632696512
1632696512
1632696512
1632696512
1632696512
1632696512
1632696512
1632696512
1632696512
1632696512
1632696512
1632696512
1632696512
1632696513
1632696513
1632696513
1632696513
1632696513
1632696513
1632696513
1632696513
1632696513
1632696513
1632696513
1632696513
1632696513
1632696513
1632696513
1632696513
1632696513
1632696514
1632696514
1632696514
1632696514
1632696514
1632696514
1632696514
1632696514
1632696514
1632696514
1632696514
1632696514
1632696514
1632696514
1632696514
1632696514
1632696514
1632696514
1632696515
1632696515
1632696515
1632696515
1632696515
1632696515
1632696515
1632696515
1632696515
1632696515
1632696515
1632696515
1632696515
1632696515
1632696515
1632696515
1632696515
1632696515
1632696515
1632696515
1632696515
1632696515
1632696515
1632696515
1632696515
1632696515
1632696515
1632696516
1632696516
1632696516
1632696516
1632696516
1632696516
1632696516
1632696516
1632696516
1632696516
1632696516
1632696516
1632696516
1632696516
1632696516
1632696516
1632696516
1632696516
1632696516
1632696517
1632696517
1632696517
1632696517
1632696517
1632696517
1632696517
1632696517
1632696517
1632696517
1632696517
1632696517
1632696517
1632696517
1632696517
1632696517
1632696517
1632696518
1632696518
1632696518
1632696518
1632696518
1632696518
1632696518
1632696518
1632696518
1632696518
1632696518
1632696518
1632696518
1632696518
1632696518
1632696518
1632696519
1632696519
1632696519
1632696519
1632696519
1632696519
1632696519
1632696519
1632696519
1632696519
1632696519
1632696519
1632696519
1632696519
1632696519
1632696519
1632696520
1632696520
1632696520
1632696520
1632696520
1632696520
1632696520
1632696520
1632696520
1632696520
1632696520
1632696520
1632696520
1632696520
1632696520
1632696520
1632696521
1632696521
1632696521
1632696521
1632696521
1632696521
1632696521
1632696521
1632696521
1632696521
1632696521
1632696521
1632696521
1632696522
1632696522
1632696522
1632696522
1632696522
1632696522
1632696522
1632696522
1632696522
1632696522
1632696522
1632696522
1632696522
1632696522
1632696522
1632696522
1632696522
1632696522
1632696522
1632696522
1632696522
1632696522
1632696523
1632696523
1632696523
1632696523
1632696523
1632696523
1632696523
1632696523
1632696523
1632696523
1632696523
1632696523
1632696523
1632696523
1632696523
1632696523
1632696523
1632696523
1632696523
1632696524
1632696524
1632696524
1632696524
1632696524
1632696524
1632696524
1632696524
1632696524
1632696524
1632696524
1632696524
1632696524
1632696524
1632696524
1632696524
1632696524
1632696525
1632696525
1632696525
1632696525
1632696525
1632696525
1632696525
1632696525
1632696525
1632696525
1632696525
1632696525
1632696525
1632696525
1632696525
1632696525
1632696525
1632696525
1632696525
1632696525
1632696525
1632696525
1632696526
1632696526
1632696526
1632696526
1632696526
1632696526
1632696526
1632696526
1632696526
1632696526
1632696526
1632696526
1632696526
1632696526
1632696526
1632696526
1632696527
1632696527
1632696527
1632696527
1632696527
1632696527
1632696527
1632696527
1632696527
1632696527
1632696527
1632696527
1632696527
1632696527
1632696527
1632696528
1632696528
1632696528
1632696528
1632696528
1632696528
1632696528
1632696528
1632696528
1632696528
1632696528
1632696528
1632696528
1632696528
1632696528
1632696529
1632696529
1632696529
1632696529
1632696529
1632696529
1632696529
1632696529
1632696529
1632696529
1632696529
1632696529
1632696529
1632696529
1632696529
1632696529
1632696529
1632696530
1632696530
1632696530
1632696530
1632696530
1632696530
1632696530
1632696530
1632696530
1632696530
1632696530
1632696530
1632696530
1632696531
1632696531
1632696531
1632696531
1632696531
1632696531
1632696531
1632696531
1632696531
1632696531
1632696531
1632696531
1632696531
1632696531
1632696531
1632696531
1632696532
1632696532
1632696532
1632696532
1632696532
1632696532
1632696532
1632696532
1632696532
1632696532
1632696532
1632696532
1632696532
1632696532
1632696532
1632696532
1632696532
1632696532
1632696532
1632696532
1632696532
1632696533
1632696533
1632696533
1632696533
1632696533
1632696533
1632696533
1632696533
1632696533
1632696533
1632696533
1632696533
1632696533
1632696533
1632696533
1632696534
1632696534
1632696534
1632696534
1632696534
1632696534
1632696534
1632696534
1632696534
1632696534
1632696534
1632696534
1632696534
1632696534
1632696534
1632696535
1632696535
1632696535
1632696535
1632696535
1632696535
1632696535
1632696535
1632696535
1632696535
1632696535
1632696535
1632696535
1632696535
1632696535
1632696535
1632696536
1632696536
1632696536
1632696536
1632696536
1632696536
1632696536
1632696536
1632696536
1632696536
1632696536
1632696536
1632696536
1632696536
1632696536
1632696536
1632696537
1632696537
1632696537
1632696537
1632696537
1632696537
1632696537
1632696537
1632696537
1632696537
1632696537
1632696537
1632696538
1632696538
1632696538
1632696538
1632696538
1632696538
1632696538
1632696538
1632696538
1632696538
1632696538
1632696538
1632696538
1632696538
1632696539
1632696539
1632696539
1632696539
1632696539
1632696539
1632696539
1632696539
1632696539
1632696539
1632696539
1632696540
1632696540
1632696540
1632696540
1632696540
1632696540
1632696540
1632696540
1632696540
1632696540
1632696540
1632696540
1632696540
1632696540
1632696540
1632696540
1632696540
1632696540
1632696540
1632696540
1632696540
1632696541
1632696541
1632696541
1632696541
1632696541
1632696541
1632696541
1632696541
1632696541
1632696541
1632696541
1632696541
1632696541
1632696541
1632696541
1632696541
1632696541
1632696541
1632696541
1632696541
1632696541
1632696541
1632696541
1632696541
1632696541
1632696542
1632696542
1632696542
1632696542
1632696542
1632696542
1632696542
1632696542
1632696542
1632696542
1632696542
1632696542
1632696542
1632696542
1632696542
1632696542
1632696542
1632696542
1632696542
1632696542
1632696542
1632696542
1632696542
1632696542
1632696542
1632696543
1632696543
1632696543
1632696543
1632696543
1632696543
1632696543
1632696543
1632696543
1632696543
1632696543
1632696543
1632696543
1632696543
1632696543
1632696543
1632696543
1632696543
1632696543
1632696543
1632696543
1632696543
1632696543
1632696543
1632696543
1632696543
1632696543
1632696543
1632696544
1632696544
1632696544
1632696544
1632696544
1632696544
1632696544
1632696544
1632696544
1632696544
1632696544
1632696544
1632696544
1632696544
1632696544
1632696544
1632696544
1632696544
1632696544
1632696544
1632696544
1632696544
1632696544
1632696544
1632696544
1632696545
1632696545
1632696545
1632696545
1632696545
1632696545
1632696545
1632696545
1632696545
1632696545
1632696545
1632696545
1632696545
1632696545
1632696545
1632696545
1632696545
1632696545
1632696545
1632696545
1632696546
1632696546
1632696546
1632696546
1632696546
1632696546
1632696546
1632696546
1632696546
1632696546
1632696546
1632696546
1632696546
1632696546
1632696546
1632696546
1632696546
1632696546
1632696546
1632696546
1632696547
1632696547
1632696547
1632696547
1632696547
1632696547
1632696547
1632696547
1632696547
1632696547
1632696547
1632696547
1632696547
1632696547
1632696547
1632696547
1632696547
1632696547
1632696547
1632696547
1632696548
1632696548
1632696548
1632696548
1632696548
1632696548
1632696548
1632696548
1632696548
1632696548
1632696548
1632696548
1632696548
1632696548
1632696548
1632696548
1632696549
1632696549
1632696549
1632696549
1632696549
1632696549
1632696549
1632696549
1632696549
1632696549
1632696549
1632696550
1632696550
1632696550
1632696550
1632696550
1632696550
1632696550
1632696550
1632696550
1632696550
1632696550
1632696550
1632696550
1632696550
1632696550
1632696551
1632696551
1632696551
1632696551
1632696551
1632696551
1632696551
1632696551
1632696551
1632696551
1632696551
1632696551
1632696551
1632696551
1632696552
1632696552
1632696552
1632696552
1632696552
1632696552
1632696552
1632696552
1632696552
1632696552
1632696552
1632696552
1632696552
1632696553
1632696553
1632696553
1632696553
1632696553
1632696553
1632696553
1632696553
1632696553
1632696553
1632696553
1632696553
1632696553
1632696553
1632696553
1632696554
1632696554
1632696554
1632696554
1632696554
1632696554
1632696554
1632696554
1632696554
1632696554
1632696554
1632696554
1632696554
1632696554
1632696554
1632696554
1632696555
1632696555
1632696555
1632696555
1632696555
1632696555
1632696555
1632696555
1632696555
1632696555
1632696555
1632696555
1632696555
1632696555
1632696555
1632696556
1632696556
1632696556
1632696556
1632696556
1632696556
1632696556
1632696556
1632696556
1632696556
1632696556
1632696556
1632696556
1632696556
1632696556
1632696557
1632696557
1632696557
1632696557
1632696557
1632696557
1632696557
1632696557
1632696557
1632696557
1632696557
1632696557
1632696557
1632696557
1632696557
1632696557
1632696558
1632696558
1632696558
1632696558
1632696558
1632696558
1632696558
1632696558
1632696558
1632696558
1632696558
1632696558
1632696558
1632696558
1632696558
1632696558
1632696558
1632696558
1632696559
1632696559
1632696559
1632696559
1632696559
1632696559
1632696559
1632696559
1632696559
1632696559
1632696559
1632696559
1632696559
1632696559
1632696559
1632696559
1632696559
1632696559
1632696560
1632696560
1632696560
1632696560
1632696560
1632696560
1632696560
1632696560
1632696560
1632696560
1632696560
