Camera matrix :

[[7.35329235e+02 0.00000000e+00 1.28117269e+03]
 [0.00000000e+00 7.40147960e+02 9.90415290e+02]
 [0.00000000e+00 0.00000000e+00 1.00000000e+00]]
dist :

[[-0.25496947  0.07321429 -0.00104747  0.00103111 -0.00959384]]
rvecs :

[array([[-0.65671189],
       [ 0.30603991],
       [-0.77335249]]), array([[-0.37870901],
       [-1.16060712],
       [-1.63670717]]), array([[-0.18506634],
       [-0.0886272 ],
       [-1.39959578]]), array([[ 0.57697359],
       [ 0.23063599],
       [-2.662302  ]]), array([[0.69969503],
       [1.04158981],
       [2.49849862]]), array([[-0.84851493],
       [-0.47449574],
       [-2.05837963]]), array([[0.51558742],
       [0.84965934],
       [2.62488304]]), array([[ 0.10830264],
       [-0.2763827 ],
       [-1.37482182]]), array([[ 0.12348053],
       [-0.52906087],
       [-1.94393318]]), array([[0.23433803],
       [0.40964396],
       [1.30208024]]), array([[ 0.03927748],
       [ 0.39223295],
       [-0.00095736]]), array([[ 0.66126777],
       [ 0.22448421],
       [-1.8726314 ]]), array([[ 0.55232285],
       [-0.43474535],
       [-2.60632941]])]
tvecs :

[array([[-5.58491089],
       [-1.9710405 ],
       [10.6689991 ]]), array([[-2.37897174],
       [ 1.94106192],
       [ 5.63869769]]), array([[-2.00714409],
       [ 2.35605051],
       [ 6.84713415]]), array([[0.04113986],
       [1.78689748],
       [8.60704085]]), array([[ 3.44343266],
       [-1.92117722],
       [ 4.6547625 ]]), array([[-2.29117854],
       [ 3.45087763],
       [ 4.59166646]]), array([[4.34991894],
       [0.18949599],
       [6.01534891]]), array([[-4.46660393],
       [-1.52445216],
       [ 8.55486914]]), array([[-4.0290171 ],
       [ 0.62978204],
       [ 6.43282139]]), array([[ 0.25937512],
       [-5.71356894],
       [10.80380731]]), array([[-5.21694947],
       [-6.81573177],
       [11.59040775]]), array([[-2.4544152 ],
       [ 1.31521581],
       [ 9.08864423]]), array([[1.06246617],
       [3.69082379],
       [8.51902429]])]
